data/bio_9.asc
NCOLS 62 
NROWS 58 
XLLCORNER -70 
YLLCORNER -39 
CELLSIZE 0.5 
NODATA_value -3.4e+38 
[rows 0 to 22 of 58, columns 0 to 50 of 62]
25.580419540405298 25.7595806121826 25.9714794158936 26.1797008514404 26.3674602508545 26.564079284668 26.68577003479 26.7404499053955 26.5782108306885 26.5280208587646 26.2325000762939 26.095760345459 25.8461208343506 25.9830493927002 25.8047103881836 25.6963405609131 25.6133308410645 25.5129699707031 25.5629901885986 25.5427703857422 25.5298805236816 25.5463008880615 25.4336109161377 25.6875305175781 25.4662895202637 25.1752796173096 25.0750503540039 25.1416893005371 25.6791591644287 25.6205406188965 25.2756004333496 24.854829788208 25.0759296417236 25.7339401245117 25.755090713501 25.8009395599365 25.576789855957 25.418249130249 26.2343292236328 26.4635601043701 26.3839092254639 26.3753204345703 26.4955406188965 26.3575897216797 26.3328990936279 26.2168807983398 25.6797008514404 24.7297306060791 24.4587898254395 24.8324508666992 25.5822105407715
24.8883209228516 25.1967697143555 25.8044891357422 25.9383106231689 26.3551006317139 26.6012992858887 26.8064804077148 26.9075908660889 26.736400604248 26.5821704864502 26.074520111084 25.1378593444824 25.2421092987061 25.5007305145264 25.6962108612061 25.6880302429199 25.7044296264648 25.6047592163086 25.566930770874 25.6210193634033 25.5209693908691 25.5086097717285 25.508129119873 25.6331005096436 25.6828994750977 25.3328495025635 24.8619194030762 25.2200107574463 25.6697902679443 25.1910190582275 25.0371799468994 24.9624996185303 25.496000289917 25.8962993621826 25.741870880127 25.7547302246094 25.9757804870605 26.0260200500488 26.3796901702881 26.542200088501 26.5543994903564 26.341459274292 26.54075050354 26.4238300323486 26.1033401489258 25.9576301574707 25.3041000366211 24.6833591461182 24.4037704467773 24.6775493621826 24.9924392700195
24.6833400726318 24.8918209075928 25.3748302459717 25.7591800689697 26.2339992523193 26.4974899291992 26.6732501983643 26.844820022583 26.928279876709 26.7489604949951 26.3284797668457 25.5960292816162 25.125560760498 25.3462905883789 25.4045791625977 25.7711791992188 25.8127002716064 25.6373996734619 25.5250701904297 25.6209392547607 25.229190826416 25.0664005279541 25.6243801116943 25.5577793121338 25.4574298858643 25.5235900878906 24.8196792602539 24.9610900878906 25.5653190612793 25.324089050293 25.3077201843262 25.7370090484619 26.050199508667 26.0585708618164 26.0503597259521 25.7297306060791 26.0548496246338 26.2920703887939 26.5002002716064 26.6085796356201 26.649829864502 26.3827896118164 26.4907093048096 26.411470413208 25.4869003295898 25.1749897003174 24.7413597106934 24.1332092285156 24.128490447998 24.3352909088135 25.05006980896
24.7076396942139 24.9488391876221 25.3411598205566 25.7791004180908 26.2254791259766 26.4724197387695 26.6355800628662 26.7232799530029 26.9447193145752 26.8698406219482 26.4869194030762 26.2622890472412 26.2915897369385 26.0458106994629 25.5169296264648 25.2376308441162 25.6454696655273 25.6579208374023 25.4664993286133 25.328929901123 25.1164207458496 24.9080390930176 25.519889831543 25.6530094146729 25.4485397338867 25.6314601898193 24.9356708526611 24.8902606964111 25.4947109222412 25.2112693786621 25.3490791320801 25.811939239502 26.1164207458496 25.9335403442383 26.1498203277588 26.0046291351318 25.7500190734863 26.1588096618652 26.5709095001221 26.591329574585 26.5205192565918 26.1867198944092 26.328369140625 26.2699298858643 25.7863502502441 25.5410900115967 25.2001800537109 24.1627197265625 24.0115509033203 24.3266296386719 24.9539699554443
24.816370010376 25.0788803100586 25.3462390899658 25.6789894104004 25.7964401245117 26.1549701690674 26.4886703491211 26.6226291656494 26.7523193359375 26.7776508331299 26.8531303405762 26.7208309173584 26.5500106811523 26.4664192199707 26.1327590942383 25.857400894165 25.5704402923584 25.2740802764893 25.4618492126465 25.6448802947998 25.0699596405029 25.3946208953857 25.6609497070312 25.5359897613525 25.6277294158936 25.6191692352295 25.3937206268311 25.1938705444336 25.6275501251221 25.0071601867676 25.4282894134521 25.924259185791 26.1825408935547 26.1784496307373 26.0120601654053 26.1498908996582 25.9164791107178 26.1245594024658 26.5497207641602 26.5658206939697 26.2910499572754 25.8117008209229 26.2073497772217 26.2029209136963 25.6116008758545 25.4164199829102 25.4752597808838 24.0919990539551 24.0201091766357 24.0934200286865 24.1000595092773
24.6618804931641 25.0580806732178 25.3998508453369 25.4875793457031 25.6954097747803 26.0917701721191 26.3545207977295 26.5218505859375 26.730899810791 26.7605304718018 26.865650177002 26.8918895721436 26.6208190917969 26.508279800415 26.3492107391357 26.2112407684326 25.786190032959 25.4567604064941 25.3524303436279 25.3064708709717 25.0399799346924 25.5024604797363 25.6314296722412 25.4979591369629 25.5853290557861 25.6270904541016 25.5976390838623 25.4441795349121 25.8107204437256 25.2443103790283 25.7443408966064 25.9696197509766 26.1238403320312 26.2450103759766 26.1490707397461 26.0825901031494 26.0286407470703 26.2826309204102 26.6198101043701 26.4118900299072 25.5908794403076 25.7447891235352 25.6320209503174 25.969409942627 26.0439605712891 25.4784603118896 25.2791900634766 24.1920604705811 24.0739307403564 23.9557304382324 23.6630992889404
23.5582695007324 24.1873207092285 25.149320602417 25.4659690856934 25.8365592956543 26.1743793487549 26.3375396728516 26.4790000915527 26.5297794342041 26.617769241333 26.6815795898438 26.7626209259033 26.6457996368408 26.3661308288574 26.3525791168213 26.1982307434082 26.0772800445557 25.8184204101562 25.4016304016113 25.0058002471924 24.3896903991699 24.8767795562744 25.1849708557129 25.2185096740723 25.3770809173584 25.5810794830322 25.8230590820312 25.5276699066162 25.7525100708008 25.3442993164062 25.5029296875 25.9148101806641 25.92333984375 26.103099822998 26.1822891235352 25.9324398040771 25.5867404937744 26.4742603302002 26.4860897064209 26.0865802764893 25.3657894134521 24.944709777832 25.1361999511719 25.6064701080322 25.1231994628906 25.3780498504639 25.2909698486328 24.0953102111816 23.9773502349854 23.888729095459 23.9333992004395
19.788049697876 20.8795108795166 23.3825092315674 24.4240207672119 25.7695808410645 26.1863803863525 26.3237209320068 26.4112796783447 26.4445896148682 26.5497207641602 26.6179904937744 26.6732196807861 26.5524806976318 26.2813892364502 26.2683296203613 25.8098392486572 25.9095592498779 25.8090496063232 25.5503597259521 25.3925590515137 24.2012500762939 24.3971500396729 24.8718795776367 24.9427509307861 25.0976905822754 25.4518795013428 25.8107490539551 25.6359405517578 25.4020690917969 25.3522701263428 25.4102802276611 25.4646091461182 25.5274906158447 25.9561901092529 25.9110507965088 25.5987892150879 25.9278907775879 26.5109195709229 26.4531002044678 26.2029895782471 25.6280498504639 24.5948104858398 24.6985397338867 25.393970489502 23.8858509063721 23.8448295593262 25.3067798614502 23.9654293060303 23.8477306365967 23.8134307861328 23.9163494110107
7.72757720947266 15.7178401947021 20.0916309356689 22.3284492492676 24.8816604614258 26.1186695098877 26.2646598815918 26.343240737915 26.3936004638672 26.4775295257568 26.4576797485352 26.3209209442139 26.2624702453613 26.2049007415771 26.0963897705078 25.8750591278076 25.7711791992188 25.8455009460449 25.0706405639648 25.3785591125488 24.8540706634521 24.2085990905762 24.1504306793213 24.4837703704834 24.9304599761963 25.3474292755127 25.8482093811035 25.8654003143311 25.6893692016602 25.3140506744385 25.3514003753662 24.8806095123291 24.9437198638916 25.0436191558838 24.9356098175049 25.4647407531738 26.1398506164551 26.3189697265625 26.4692192077637 26.0572490692139 25.557149887085 24.2905406951904 25.014669418335 24.7643604278564 23.6144905090332 23.8681793212891 25.2180595397949 24.1766395568848 23.6595592498779 23.695930480957 24.2152900695801
6.78011417388916 5.46387481689453 17.5713005065918 20.6702995300293 24.4146308898926 25.2431106567383 26.1467990875244 26.2426795959473 26.2926807403564 26.3261604309082 26.3058795928955 26.1144695281982 25.9774894714355 25.9652900695801 25.8030204772949 25.6030807495117 25.5821895599365 25.6903896331787 25.0735206604004 24.5817909240723 24.9821491241455 24.4072494506836 24.3907299041748 25.1156806945801 25.7492504119873 25.7999496459961 26.1925392150879 25.9717197418213 25.7713108062744 25.1840801239014 24.5256690979004 24.5714492797852 24.7755603790283 24.7222099304199 25.0886707305908 25.8261909484863 26.2724494934082 26.3809204101562 26.3526592254639 25.7570991516113 24.9029102325439 24.823299407959 24.4145603179932 22.9887599945068 22.5381202697754 24.2041492462158 24.11669921875 23.7291297912598 23.4414405822754 23.6195201873779 24.0686893463135
9.16688442230225 7.54147481918335 15.2337999343872 21.4479103088379 23.1896095275879 23.514289855957 25.4501895904541 25.9201202392578 26.0534400939941 26.0576496124268 25.9617691040039 25.8497104644775 25.6091003417969 25.5091094970703 25.4090309143066 25.2055206298828 25.33909034729 25.3098697662354 25.5224704742432 25.3552093505859 25.5678005218506 25.3133792877197 25.2054500579834 25.7426891326904 25.8969192504883 26.1347904205322 26.0437698364258 26.3229007720947 25.3235092163086 24.9738101959229 24.5284309387207 24.7952098846436 24.8707408905029 24.9376697540283 25.4043292999268 25.3090305328369 26.2762508392334 26.4228191375732 26.2607307434082 24.9160900115967 25.1943397521973 24.2148895263672 23.5970897674561 23.1454792022705 22.5240306854248 23.3983192443848 23.2312602996826 23.7355308532715 23.2729797363281 23.7933807373047 24.3220100402832
8.57360744476318 9.0253438949585 8.45685291290283 14.2827596664429 21.5934391021729 22.2138996124268 22.5384292602539 25.3440799713135 25.7097396850586 25.6932601928711 25.5891990661621 25.4810009002686 25.2317008972168 25.1570606231689 24.9327297210693 24.9916591644287 25.1211490631104 25.0547199249268 25.274959564209 25.5541400909424 25.4458694458008 24.9081802368164 25.7248191833496 25.93630027771 26.0945091247559 26.0324897766113 26.1210193634033 26.5122509002686 26.2339992523193 25.0803394317627 24.939380645752 24.640100479126 24.1612300872803 24.8866195678711 25.4452095031738 25.666690826416 26.1963291168213 26.1013698577881 26.1151790618896 25.3700008392334 24.6439990997314 23.9805698394775 22.6587696075439 22.1284408569336 21.9607105255127 22.4764804840088 23.1257801055908 23.9505290985107 23.9924201965332 24.1587505340576 24.4041194915771
8.06200504302979 8.99980926513672 8.61309337615967 6.02814102172852 14.8021898269653 20.2385005950928 21.1542205810547 23.2815399169922 25.162260055542 25.174840927124 25.0122699737549 24.8795509338379 24.7879695892334 24.729959487915 24.2682495117188 24.3150100708008 24.9159507751465 24.9778900146484 25.6943798065186 25.8402900695801 25.7489700317383 25.3527603149414 26.2475891113281 26.418249130249 26.4594593048096 26.518159866333 26.5895595550537 26.5905799865723 26.6070003509521 25.4417190551758 25.4379806518555 25.1759395599365 24.3973693847656 24.6690292358398 25.261079788208 25.3281002044678 25.5042095184326 25.3301105499268 25.2933692932129 24.5353298187256 23.9514598846436 23.2792301177979 22.6695709228516 22.7106399536133 22.3638496398926 22.6377391815186 23.3750305175781 23.8201808929443 24.0076808929443 24.1990795135498 23.9778900146484
5.70564603805542 8.34784603118896 8.23221969604492 8.33521747589111 11.1463499069214 14.2796697616577 17.4996490478516 19.124059677124 23.6996002197266 24.631519317627 24.7688598632812 24.5442790985107 24.4607200622559 24.4445495605469 24.5997009277344 24.5840492248535 24.8183097839355 24.998140335083 25.7563591003418 25.8395805358887 26.1727695465088 26.2724304199219 26.3469905853271 26.413200378418 26.4382095336914 26.4671993255615 26.4968299865723 26.514440536499 26.5269203186035 26.3899993896484 25.5446891784668 24.7625598907471 23.8803806304932 24.3678302764893 25.131010055542 24.6606597900391 24.4118003845215 25.0870609283447 24.69162940979 24.5459499359131 24.4703598022461 23.4064407348633 22.8514595031738 22.8927707672119 22.38796043396 22.4953098297119 23.2073307037354 23.8196296691895 23.5943508148193 24.0062103271484 23.7559394836426
4.95879697799683 7.25064182281494 8.83545303344727 8.86126232147217 9.61256504058838 8.63599014282227 12.2370195388794 11.4839096069336 15.4544496536255 18.2426109313965 22.4060897827148 24.2838592529297 24.1338005065918 24.2141094207764 24.4863891601562 24.7496395111084 24.8255405426025 24.9679107666016 25.4928607940674 25.639009475708 26.0050201416016 26.3008708953857 26.3589401245117 26.3544006347656 26.3496894836426 26.3540592193604 26.3585205078125 26.4006404876709 26.4305896759033 26.4433708190918 25.289379119873 24.3989696502686 23.7666702270508 23.9175701141357 23.8721809387207 23.3645801544189 23.4357395172119 23.7985095977783 24.2944793701172 24.5775299072266 24.5481605529785 23.8761005401611 23.1467704772949 23.0997200012207 22.6367893218994 22.6114101409912 23.4937591552734 23.7691402435303 23.685209274292 23.2810192108154 23.4506702423096
6.67046880722046 6.60801076889038 7.84632682800293 8.73040580749512 10.2571096420288 10.0920696258545 8.21759128570557 15.3635997772217 13.3995599746704 14.9907903671265 15.6943702697754 19.4118099212646 21.0025405883789 24.4968605041504 24.7399806976318 24.7649593353271 24.9032306671143 25.0628204345703 25.4634799957275 25.5087108612061 25.5671501159668 26.0000801086426 26.1746692657471 26.232629776001 26.1618404388428 26.182689666748 26.2119197845459 26.2663192749023 26.2997093200684 26.3209991455078 25.6300506591797 24.5014400482178 24.3147602081299 23.6706104278564 23.5918102264404 23.8210391998291 23.750919342041 23.5887107849121 23.9933700561523 24.8055095672607 24.5134201049805 23.8092403411865 23.6623992919922 23.3278694152832 22.8777809143066 22.673490524292 23.5232200622559 23.2440395355225 22.8975105285645 23.0469799041748 23.0330104827881
11.0614099502563 4.32373905181885 7.72768402099609 8.14969158172607 9.60489940643311 10.5256595611572 7.74352788925171 10.8987102508545 16.6965808868408 17.0842704772949 17.7249202728271 17.9962902069092 19.7116603851318 24.0425090789795 24.7094306945801 24.9016304016113 25.1025009155273 25.224250793457 24.6539402008057 24.6665592193604 24.4585304260254 25.1828193664551 25.8612804412842 26.0860996246338 25.9982109069824 26.0691509246826 26.0943794250488 26.1444206237793 26.157470703125 26.140869140625 25.6452693939209 25.0253105163574 24.6096000671387 23.8691902160645 23.3699703216553 23.7867794036865 24.3623008728027 24.6413898468018 24.4542903900146 24.6419506072998 24.1421604156494 24.0047397613525 24.0494709014893 23.6324691772461 23.2990303039551 22.7233295440674 22.6602993011475 22.4394207000732 22.8591003417969 23.3587703704834 22.8410701751709
13.4425401687622 5.83136987686157 6.91031885147095 8.74820041656494 9.44820690155029 10.1194801330566 8.53654003143311 9.75035953521729 13.0705099105835 16.8146095275879 17.2430896759033 18.8367195129395 21.0682907104492 24.3160800933838 24.7665596008301 24.9087104797363 25.0596103668213 25.1768798828125 24.5444393157959 25.0363292694092 25.1487293243408 25.6149597167969 25.9018993377686 25.8890895843506 25.9056091308594 25.9267501831055 25.9683303833008 25.9940204620361 25.9778099060059 25.8530197143555 25.2286491394043 25.3454704284668 24.9589290618896 24.0595607757568 23.4683799743652 23.622989654541 24.3237400054932 24.810920715332 24.8196792602539 25.0656890869141 24.5082397460938 23.9790802001953 23.2953090667725 23.0532703399658 22.8024501800537 22.3979396820068 22.1264190673828 21.9218807220459 22.812370300293 23.3327293395996 22.9159202575684
14.5285902023315 7.54748201370239 6.80602407455444 9.07639312744141 9.57248115539551 9.56851196289062 7.80678987503052 7.13388109207153 10.4363203048706 15.1742401123047 15.5397100448608 18.7485599517822 22.7913208007812 23.4035491943359 24.6238994598389 24.7740497589111 24.8204402923584 24.8334102630615 24.9048595428467 25.0386695861816 25.1891593933105 25.3555908203125 25.630350112915 25.7553005218506 25.7633094787598 25.8424205780029 25.847110748291 25.8145198822021 25.823600769043 25.4368591308594 24.553840637207 24.9334106445312 24.4920101165771 23.9090099334717 24.2091407775879 24.2754497528076 24.2588500976562 24.5923194885254 24.888650894165 24.5853691101074 23.9944095611572 23.6905307769775 23.3279590606689 22.5188808441162 22.4941596984863 22.0811290740967 21.8507709503174 21.2833003997803 22.2234802246094 22.9485092163086 22.6283206939697
15.2788000106812 9.86355209350586 5.16385078430176 8.4680118560791 8.95524120330811 9.40569400787354 8.01873970031738 6.37449598312378 9.44700717926025 12.6205501556396 15.8208799362183 19.1182403564453 21.8408603668213 22.5322704315186 24.3476696014404 24.5900707244873 24.6235599517822 24.6237201690674 24.7289199829102 24.7709407806396 24.9171905517578 25.1210803985596 25.496129989624 25.7337398529053 25.7710494995117 25.7755298614502 25.7047500610352 25.6974105834961 25.6233692169189 24.662410736084 24.6833095550537 24.1382007598877 24.1380805969238 24.1786308288574 24.1872596740723 24.6370105743408 24.1738395690918 24.3823108673096 24.6246795654297 24.5255699157715 24.2553291320801 23.9352207183838 23.3772392272949 23.0227108001709 22.3643207550049 21.440299987793 20.9551391601562 20.8652992248535 21.8180198669434 22.3183403015137 21.8903408050537
15.8079204559326 12.0634002685547 5.71327877044678 8.0758171081543 9.36682415008545 9.9882640838623 9.15124702453613 10.0189199447632 12.8622303009033 12.5966396331787 15.1393899917603 19.9165706634521 21.794059753418 22.7932205200195 23.7555904388428 24.0058193206787 24.2729301452637 24.2522602081299 24.6856994628906 25.0821304321289 25.1488800048828 25.2651500701904 25.5284099578857 25.8705596923828 25.8035907745361 25.6784801483154 25.5672092437744 25.463960647583 25.1769104003906 24.6284008026123 23.9677295684814 23.6548309326172 23.9334106445312 23.8285503387451 23.9943103790283 24.4808292388916 24.513879776001 24.4726791381836 24.1607398986816 23.8368091583252 23.9708499908447 23.917049407959 23.7092704772949 23.1390209197998 22.2441902160645 21.2113494873047 20.7170696258545 20.9473495483398 21.2921104431152 20.8469505310059 21.2512493133545
15.6548299789429 14.020959854126 5.9588098526001 6.38357305526733 9.09994316101074 9.8245677947998 10.11256980896 9.55892944335938 13.5720996856689 13.9647197723389 16.5327606201172 19.4693794250488 21.5802707672119 22.6666202545166 23.53782081604 23.7046394348145 23.9673004150391 24.1173000335693 24.6385402679443 24.9928092956543 25.1555194854736 25.2726097106934 25.5145606994629 25.7311992645264 25.693920135498 25.4404697418213 24.9666309356689 25.0416297912598 24.8430404663086 23.9649295806885 23.4748401641846 23.4830799102783 23.6739807128906 23.7772998809814 23.9682903289795 24.2087593078613 24.549409866333 24.1915302276611 24.026050567627 23.7017402648926 23.4899291992188 23.4408493041992 23.2418098449707 22.8676891326904 21.556360244751 20.4941501617432 20.7832508087158 20.7969093322754 20.8003597259521 20.3835105895996 20.2091197967529
16.0877494812012 14.7627096176147 5.90072393417358 6.29991579055786 6.70774602890015 8.27822589874268 8.88236331939697 8.93236541748047 11.3572196960449 14.3369197845459 15.3515901565552 19.9508304595947 21.8950004577637 23.0653190612793 23.4446506500244 23.6698608398438 23.6406497955322 24.0283794403076 24.5865707397461 24.9581298828125 25.0709590911865 25.2630290985107 25.4048595428467 25.4966297149658 25.4922790527344 25.1559600830078 24.5773105621338 24.4910202026367 23.7708702087402 23.3927307128906 23.5016193389893 23.4186992645264 23.5766296386719 23.7173099517822 23.5257091522217 23.7871398925781 23.8445892333984 23.6321697235107 23.4034595489502 23.4584503173828 23.3424396514893 23.1395301818848 22.8237590789795 22.4449100494385 22.1032295227051 21.2322292327881 19.9607601165771 20.2588996887207 20.6286792755127 20.4202098846436 20.1950607299805
