data/bio_9.asc
NCOLS 62 
NROWS 58 
XLLCORNER -70 
YLLCORNER -39 
CELLSIZE 0.5 
NODATA_value -3.4e+38 
[rows 23 to 45 of 58, columns 0 to 50 of 62]
14.5254096984863 13.6423997879028 7.21667003631592 4.51256322860718 3.92858910560608 5.68585777282715 6.54386615753174 8.0598316192627 11.1382398605347 12.1720600128174 15.433219909668 19.315580368042 20.840030670166 23.0724391937256 23.2892303466797 23.4099903106689 23.5887508392334 24.010160446167 24.5016098022461 24.8896293640137 25.0443801879883 25.1154308319092 25.2155609130859 25.2484397888184 25.2195491790771 24.8538208007812 24.3799705505371 23.9396495819092 22.8489398956299 23.1615791320801 23.524169921875 23.6334209442139 23.5830497741699 23.0992393493652 23.1866493225098 23.1275501251221 22.8185501098633 22.8684902191162 22.7390594482422 22.7729301452637 22.8362808227539 22.7788906097412 22.4797706604004 21.8306102752686 21.5219192504883 21.2793807983398 19.8713207244873 19.3118495941162 20.0099105834961 19.7137298583984 19.213659286499
13.9631395339966 13.4087896347046 10.2254695892334 7.79104280471802 2.81177806854248 4.31089878082275 4.49404096603394 7.0343542098999 9.28305530548096 7.89636611938477 17.002420425415 21.04541015625 22.1909198760986 23.353609085083 23.3789691925049 23.4459991455078 23.6078796386719 23.8416004180908 24.2748699188232 24.7216396331787 24.8509998321533 24.7971096038818 24.8801307678223 24.9089202880859 24.8136501312256 24.5312004089355 24.2447490692139 23.5421695709229 22.1981105804443 22.5933609008789 22.9017200469971 22.9649295806885 23.314920425415 22.7894496917725 22.4184494018555 21.963550567627 21.9385795593262 22.021369934082 22.1207103729248 22.0175590515137 21.726110458374 22.0226707458496 22.0694694519043 21.03297996521 20.2376194000244 21.2242698669434 20.0698890686035 17.9856204986572 18.9549694061279 18.0414199829102 16.8582496643066
13.4375495910645 12.8671703338623 10.5420799255371 9.03680038452148 3.26138591766357 3.50243711471558 3.90613102912903 5.73831796646118 8.93295192718506 8.29154300689697 18.749719619751 21.8383598327637 22.7340393066406 23.2140998840332 23.1105194091797 23.1944904327393 23.3812103271484 23.6518707275391 23.9488391876221 24.3367099761963 24.3952007293701 24.3534698486328 24.4405994415283 24.4868507385254 24.437349319458 24.1339092254639 23.8105907440186 23.3118705749512 21.9259605407715 22.0295505523682 22.6004505157471 22.5215702056885 22.7881507873535 22.2090091705322 21.3299198150635 21.1383800506592 21.2582206726074 21.7822895050049 21.8026294708252 21.6646499633789 21.5487995147705 21.050199508667 20.5890598297119 21.2602691650391 21.1188697814941 20.8730602264404 19.801420211792 17.4054107666016 17.1791896820068 18.6197700500488 18.7945308685303
13.5122203826904 11.6413497924805 9.65786838531494 11.944239616394 4.78146409988403 4.56418991088867 5.61772489547729 5.73406982421875 7.74170923233032 8.46211433410645 15.1289596557617 22.0871200561523 22.8662300109863 23.0666999816895 23.1464691162109 23.2143306732178 23.3058395385742 23.5683193206787 23.735179901123 23.8187599182129 23.8937091827393 23.8144798278809 23.8140201568604 23.9853706359863 23.9107303619385 23.7161407470703 23.5222606658936 23.0398101806641 22.1982707977295 21.8738803863525 22.060920715332 22.48583984375 22.3607406616211 21.6239700317383 20.8786697387695 19.604040145874 19.3245792388916 20.693380355835 21.1799907684326 21.2464504241943 20.834020614624 20.427619934082 20.0871391296387 20.1009292602539 20.5258502960205 20.3470001220703 19.6091003417969 19.3711395263672 19.2999897003174 18.4409103393555 20.1743507385254
14.1443500518799 11.1452398300171 9.79444694519043 10.4898595809937 4.01033782958984 4.29330015182495 5.28014087677002 7.08370304107666 7.5167818069458 12.3663902282715 18.8469390869141 21.7614002227783 22.7117595672607 23.0487594604492 23.2033596038818 23.2053108215332 23.2436199188232 23.4135494232178 23.4181003570557 23.4675598144531 23.5263595581055 23.4718704223633 23.5259094238281 23.6219902038574 23.4809303283691 23.2773990631104 23.1287708282471 22.7704792022705 22.1921195983887 21.6961498260498 22.0623207092285 22.2956008911133 21.7713108062744 20.6304798126221 20.0476703643799 20.0065898895264 19.4060802459717 19.5967197418213 19.6878204345703 20.1914405822754 20.0588397979736 19.801929473877 19.561559677124 19.6910800933838 19.4584407806396 19.0461692810059 19.4332008361816 20.2452907562256 19.8534297943115 18.9243106842041 -3.4e+38
13.2192001342773 10.0194101333618 6.96490001678467 4.9978928565979 4.83088684082031 4.9722318649292 3.88427805900574 4.53804922103882 6.25864505767822 16.1576995849609 19.7290000915527 18.4709606170654 22.5313301086426 23.0349998474121 23.22705078125 23.1829700469971 22.9886798858643 23.0798397064209 23.2414894104004 23.3867301940918 23.3706398010254 23.4127407073975 23.433780670166 23.4466400146484 23.3509693145752 23.1588401794434 23.0550594329834 22.7476806640625 22.3191509246826 21.5269203186035 21.8306694030762 21.9353294372559 21.3774700164795 20.9949207305908 19.8500003814697 19.946159362793 19.7458992004395 19.5952491760254 19.1864109039307 18.6495800018311 18.2002792358398 18.2849197387695 18.5063304901123 19.2652397155762 21.1225605010986 21.5224609375 20.5104904174805 21.4689407348633 -3.4e+38 -3.4e+38 -3.4e+38
10.6896095275879 7.96480798721313 4.7937707901001 2.88156795501709 6.58844900131226 5.08835983276367 4.89646196365356 4.55043888092041 10.0078897476196 17.3971405029297 17.2216396331787 20.0732707977295 22.2303199768066 22.7597103118896 22.8352603912354 22.8986492156982 22.6248893737793 22.7701396942139 23.002799987793 23.1358890533447 23.1114807128906 23.2206707000732 23.2796802520752 23.1545791625977 23.2373600006104 23.1288394927979 22.7831993103027 21.9130306243896 21.6337108612061 21.4667701721191 21.5661697387695 21.4539203643799 20.430290222168 20.2351493835449 20.0646495819092 19.0900402069092 18.9314804077148 19.2561492919922 18.6895904541016 17.8822498321533 17.4913291931152 19.3208599090576 19.2507400512695 20.2090396881104 21.4173603057861 21.1512794494629 -3.4e+38 -3.4e+38 -3.4e+38 -3.4e+38 -3.4e+38
10.2852096557617 6.06486701965332 3.37739896774292 2.62283396720886 3.80541205406189 3.62176990509033 4.36662292480469 9.48213863372803 11.8526096343994 17.4588794708252 19.6774101257324 21.0640106201172 22.0927791595459 22.4719009399414 22.5267105102539 22.5275402069092 22.4117107391357 22.5279903411865 22.5650691986084 22.6518802642822 22.7154407501221 22.9366703033447 22.9412803649902 22.7580890655518 23.0990791320801 22.7199897766113 22.3027992248535 21.6739692687988 21.3780899047852 21.4527492523193 21.4985904693604 21.2075290679932 20.2999401092529 19.7635402679443 19.330680847168 19.1264896392822 18.2350406646729 18.117790222168 18.4637908935547 18.21409034729 17.8531894683838 17.4587898254395 18.5753803253174 20.0748195648193 20.5204696655273 -3.4e+38 -3.4e+38 -3.4e+38 -3.4e+38 -3.4e+38 -3.4e+38
10.8175497055054 5.78920316696167 3.48069095611572 2.79697608947754 4.96245813369751 3.40856790542603 3.90817403793335 10.1769800186157 14.8388395309448 16.6256999969482 19.6185493469238 20.8882503509521 21.987720489502 22.2340507507324 22.3603191375732 22.3524303436279 22.3151798248291 22.2564392089844 22.0686798095703 22.1849098205566 22.2477893829346 22.3727607727051 22.3484001159668 22.2817001342773 22.5144290924072 22.0767097473145 21.785270690918 21.2938899993896 20.9849491119385 21.0096206665039 21.3227596282959 20.9105892181396 20.5367603302002 19.8742408752441 19.7334499359131 18.9460201263428 17.6177005767822 17.6835899353027 18.1378803253174 18.0055198669434 17.8231906890869 17.2084102630615 19.0198802947998 20.389799118042 -3.4e+38 -3.4e+38 -3.4e+38 -3.4e+38 -3.4e+38 -3.4e+38 -3.4e+38
11.7287902832031 5.94300317764282 1.61844503879547 1.66784703731537 4.92036199569702 5.74020481109619 4.40745401382446 6.43543815612793 13.8093700408936 17.6662693023682 18.6019401550293 20.9572296142578 21.7825508117676 22.2169704437256 22.3092098236084 22.297779083252 22.2603797912598 21.9723892211914 21.8593101501465 21.8216400146484 21.9050693511963 21.955020904541 21.9881191253662 22.2452392578125 22.3505592346191 22.1259498596191 21.8679790496826 21.4385890960693 20.9055404663086 20.5678405761719 20.9222106933594 20.3396091461182 19.5986003875732 19.011869430542 19.0750999450684 18.2500305175781 18.2336292266846 18.0994606018066 18.1162490844727 17.8673496246338 17.5564994812012 18.3355407714844 20.4677505493164 -3.4e+38 -3.4e+38 -3.4e+38 -3.4e+38 -3.4e+38 -3.4e+38 -3.4e+38 -3.4e+38
9.08347988128662 4.03035402297974 -0.0315430797636509 0.559489071369171 4.12389802932739 4.56042098999023 6.51424121856689 9.73781204223633 11.0588598251343 17.8184795379639 19.9396896362305 21.2214603424072 21.6187000274658 21.8990802764893 22.0502395629883 21.9670391082764 21.8795394897461 21.791540145874 21.6913394927979 21.5660095214844 21.5454406738281 21.5832195281982 21.7369403839111 21.986930847168 22.1079597473145 22.079740524292 21.950590133667 21.6253509521484 21.2676601409912 21.0225296020508 20.7806205749512 20.2187309265137 19.9810695648193 19.665319442749 19.7908592224121 19.674430847168 17.4630908966064 17.4459800720215 17.1128406524658 17.1423301696777 18.2381191253662 19.921350479126 20.3005695343018 -3.4e+38 -3.4e+38 -3.4e+38 -3.4e+38 -3.4e+38 -3.4e+38 -3.4e+38 -3.4e+38
8.2456750869751 2.68836188316345 -0.35704830288887 2.02511310577393 9.70785140991211 7.37517023086548 12.0714101791382 9.09918785095215 16.5240707397461 19.6344299316406 20.3499507904053 21.0041408538818 21.379919052124 21.5063991546631 21.6113204956055 21.5619792938232 21.5239601135254 21.4362697601318 21.2904891967773 21.2613697052002 21.1822395324707 21.1321296691895 21.3824195861816 21.6280403137207 21.8408699035645 21.9830207824707 22.1612091064453 21.6579608917236 21.2385807037354 20.8351593017578 20.4939002990723 20.7760105133057 20.7258491516113 20.692569732666 20.5484008789062 20.0407695770264 19.4454498291016 18.1996307373047 17.8707408905029 17.8334102630615 18.8957996368408 18.7546195983887 19.9753608703613 -3.4e+38 -3.4e+38 -3.4e+38 -3.4e+38 -3.4e+38 -3.4e+38 -3.4e+38 -3.4e+38
6.87075805664062 2.08857893943787 0.533628225326538 3.20732998847961 12.1379404067993 13.2769899368286 17.0898494720459 16.2202301025391 17.8877105712891 20.0159893035889 20.0287609100342 20.7740097045898 21.0125007629395 21.0716209411621 21.1142997741699 21.10205078125 21.0563907623291 20.9318809509277 20.8026504516602 20.8651103973389 20.8234405517578 20.8149890899658 21.0318698883057 21.3274898529053 21.5241508483887 21.6859893798828 21.7609901428223 21.4538402557373 21.2593002319336 21.0012302398682 20.8801097869873 20.4841499328613 20.0635890960693 19.8389301300049 19.7775402069092 19.1826705932617 18.9787292480469 18.3205890655518 17.5208206176758 16.5753993988037 16.5592193603516 16.776180267334 18.8009300231934 -3.4e+38 -3.4e+38 -3.4e+38 -3.4e+38 -3.4e+38 -3.4e+38 -3.4e+38 -3.4e+38
4.06716823577881 2.52921891212463 4.00266790390015 6.35155391693115 11.3626403808594 16.7797908782959 18.671199798584 16.1488609313965 17.6991901397705 18.9824695587158 19.8328304290771 20.5491199493408 20.6914291381836 20.6667499542236 20.7297191619873 20.771900177002 20.7057704925537 20.5849494934082 20.6185703277588 20.5599498748779 20.5725193023682 20.7018795013428 20.868989944458 21.0019702911377 21.1267108917236 21.2060394287109 21.218879699707 21.0199508666992 20.9955806732178 21.062370300293 20.7539596557617 20.2082901000977 19.9379405975342 19.4803905487061 19.1150703430176 18.6697902679443 18.0784797668457 17.0291004180908 16.7664108276367 16.0214996337891 14.6686601638794 18.2751693725586 19.5541896820068 -3.4e+38 -3.4e+38 -3.4e+38 -3.4e+38 -3.4e+38 -3.4e+38 -3.4e+38 -3.4e+38
1.33351504802704 3.26119208335876 5.70562076568604 13.7312602996826 9.41354656219482 13.1626796722412 17.9543704986572 17.5556907653809 19.2939395904541 19.8440608978271 20.5822296142578 20.5994205474854 20.3537101745605 20.2955493927002 20.3374996185303 20.3670997619629 20.329870223999 20.280330657959 20.3719902038574 20.3052806854248 20.2882194519043 20.4132900238037 20.5844898223877 20.6504993438721 20.7172603607178 20.7718696594238 20.7394695281982 20.640079498291 20.5406494140625 20.4824905395508 20.1406707763672 19.6370601654053 19.3835906982422 19.5505104064941 19.2723693847656 18.2273197174072 18.0652599334717 17.4200401306152 16.2953090667725 15.6709003448486 17.0833892822266 19.4786205291748 19.5578594207764 -3.4e+38 -3.4e+38 -3.4e+38 -3.4e+38 -3.4e+38 -3.4e+38 -3.4e+38 -3.4e+38
1.56072402000427 5.63410186767578 9.18996143341064 14.549280166626 11.7429504394531 16.0254096984863 18.4832992553711 20.9045696258545 20.2348594665527 20.3106307983398 20.7572708129883 20.3621997833252 19.233190536499 19.8915691375732 19.9621295928955 19.9667491912842 19.97532081604 19.9586296081543 20.0751991271973 20.133810043335 20.0749092102051 20.1206607818604 20.1833190917969 20.1408290863037 20.2369899749756 20.2584991455078 20.1635303497314 20.1019897460938 20.0027599334717 19.7742290496826 19.3948593139648 19.1660499572754 18.8661308288574 19.4375 18.4303398132324 18.9175395965576 19.3342800140381 18.2689609527588 16.3780307769775 15.732629776001 19.0653800964355 -3.4e+38 -3.4e+38 -3.4e+38 -3.4e+38 -3.4e+38 -3.4e+38 -3.4e+38 -3.4e+38 -3.4e+38 -3.4e+38
-0.311153411865234 7.16017007827759 10.4237098693848 16.4998092651367 15.4709196090698 17.5070495605469 20.3822994232178 20.9004497528076 20.909969329834 20.8152008056641 20.5165100097656 18.9797897338867 18.2922897338867 19.3373699188232 19.5200595855713 19.5450496673584 19.6039791107178 19.6497707366943 19.7830390930176 19.8793201446533 19.8585796356201 19.8542098999023 19.8706798553467 19.7868995666504 19.9161491394043 19.9332294464111 19.7087593078613 19.5478591918945 19.4988708496094 19.6573390960693 19.6527004241943 19.5194091796875 19.4193706512451 19.623929977417 19.5286102294922 19.8286094665527 20.0037097930908 20.0452003479004 19.3880290985107 18.7099990844727 -3.4e+38 -3.4e+38 -3.4e+38 -3.4e+38 -3.4e+38 -3.4e+38 -3.4e+38 -3.4e+38 -3.4e+38 -3.4e+38 -3.4e+38
0.586957395076752 10.5638799667358 13.0480098724365 17.1431903839111 15.0035104751587 18.6809501647949 19.9611396789551 20.284049987793 20.7684307098389 20.5029602050781 20.0293197631836 17.2442207336426 18.4843597412109 18.9661808013916 19.0952606201172 19.1115303039551 19.2029800415039 19.369800567627 19.4283199310303 19.6162891387939 19.6581192016602 19.5915107727051 19.5785999298096 19.5740203857422 19.6575908660889 19.6366806030273 19.2910194396973 18.9423904418945 19.018310546875 19.1438503265381 19.293909072876 19.3144702911377 19.0568904876709 19.3901100158691 19.3908004760742 19.2780799865723 19.3736591339111 19.9527797698975 19.5996799468994 19.2587890625 -3.4e+38 -3.4e+38 -3.4e+38 -3.4e+38 -3.4e+38 -3.4e+38 -3.4e+38 -3.4e+38 -3.4e+38 -3.4e+38 -3.4e+38
4.11266279220581 9.16302299499512 14.0237598419189 17.3202209472656 15.9426803588867 18.6047191619873 18.981409072876 19.1957397460938 20.5645694732666 19.5411701202393 17.5851497650146 15.8580703735352 17.9389801025391 18.6079902648926 18.6610507965088 18.6313896179199 18.7689990997314 18.9691505432129 19.0611991882324 19.2696208953857 19.4990291595459 19.30299949646 19.1861705780029 19.2105503082275 19.2062702178955 19.1569404602051 18.8113098144531 18.6580200195312 18.3965702056885 18.9301490783691 18.9760799407959 18.5188694000244 18.5067291259766 18.6567802429199 18.4525108337402 18.6318607330322 19.1606197357178 19.3411197662354 19.2616691589355 19.1756706237793 -3.4e+38 -3.4e+38 -3.4e+38 -3.4e+38 -3.4e+38 -3.4e+38 -3.4e+38 -3.4e+38 -3.4e+38 -3.4e+38 -3.4e+38
3.6863739490509 9.74459457397461 14.5384101867676 16.3896503448486 17.5692195892334 17.3791198730469 18.8471298217773 19.2704391479492 20.4390907287598 17.287389755249 14.5685596466064 16.8194198608398 18.0631294250488 18.1533603668213 18.0519008636475 18.0220699310303 18.2888698577881 18.5811996459961 18.6478996276855 18.8856792449951 18.9271907806396 18.7811698913574 18.7141494750977 18.7431697845459 18.6847305297852 18.7227802276611 18.4235095977783 18.0903797149658 18.2706203460693 18.3297290802002 18.5429592132568 18.439359664917 18.1768207550049 17.9812698364258 18.1609592437744 18.5895805358887 19.0648708343506 18.998420715332 18.8829803466797 -3.4e+38 -3.4e+38 -3.4e+38 -3.4e+38 -3.4e+38 -3.4e+38 -3.4e+38 -3.4e+38 -3.4e+38 -3.4e+38 -3.4e+38 -3.4e+38
5.97914600372314 7.68156290054321 14.2050399780273 17.2251091003418 17.9598407745361 18.7321395874023 19.0883808135986 19.244649887085 19.8509998321533 17.7785491943359 14.016960144043 17.2710208892822 17.6326198577881 17.569299697876 17.6553802490234 17.5795497894287 17.9044990539551 18.205150604248 18.4759502410889 18.3517093658447 18.3890399932861 18.2592296600342 18.2089290618896 18.2299900054932 18.2678909301758 18.3011302947998 17.9599094390869 17.6942100524902 18.2114295959473 18.0913696289062 18.0884208679199 18.2887802124023 18.0803508758545 17.8808498382568 18.2561492919922 18.6144104003906 18.9230403900146 18.815299987793 -3.4e+38 -3.4e+38 -3.4e+38 -3.4e+38 -3.4e+38 -3.4e+38 -3.4e+38 -3.4e+38 -3.4e+38 -3.4e+38 -3.4e+38 -3.4e+38 -3.4e+38
1.82098996639252 7.95987176895142 15.6040897369385 17.8723793029785 18.4848899841309 18.4950008392334 18.9508991241455 18.9487495422363 17.9511394500732 17.7728900909424 14.8240699768066 16.6195201873779 17.2146396636963 17.1635799407959 17.1582508087158 17.2580890655518 17.5625896453857 17.8420505523682 17.9503593444824 17.9882698059082 18.0257606506348 18.0048198699951 17.9999198913574 18.0334491729736 17.9711303710938 17.8927192687988 17.8927993774414 17.7054691314697 17.8935298919678 17.8868408203125 17.7830696105957 17.6713600158691 17.8512096405029 17.8556709289551 18.3223991394043 18.3312206268311 -3.4e+38 -3.4e+38 -3.4e+38 -3.4e+38 -3.4e+38 -3.4e+38 -3.4e+38 -3.4e+38 -3.4e+38 -3.4e+38 -3.4e+38 -3.4e+38 -3.4e+38 -3.4e+38 -3.4e+38
-1.05305004119873 6.60864591598511 15.9676103591919 17.4776306152344 18.0105991363525 18.307279586792 17.9559803009033 16.4210796356201 15.4592199325562 16.6306095123291 15.2938995361328 16.6312007904053 17.0972099304199 16.9378795623779 16.8241100311279 17.1158409118652 17.1413993835449 17.291389465332 17.5002193450928 17.8586902618408 17.759069442749 17.6505699157715 17.7041702270508 17.7331008911133 17.6374797821045 17.5759391784668 17.6837291717529 17.6632900238037 17.5932006835938 17.3023300170898 17.0408191680908 17.1788997650146 17.5798397064209 17.8552093505859 18.2761096954346 -3.4e+38 -3.4e+38 -3.4e+38 -3.4e+38 -3.4e+38 -3.4e+38 -3.4e+38 -3.4e+38 -3.4e+38 -3.4e+38 -3.4e+38 -3.4e+38 -3.4e+38 -3.4e+38 -3.4e+38 -3.4e+38
